root = /datos/wilmar.cardona/projects/dea/t10nl/MII/data/Elnl_
number count error = 0.10
number count contributions = density, rsd, doppler
 omega_b              =    2.2179999999999998E-002
 omega_cdm            =   0.12050000000000000     
 n_s                  =   0.96189999999999998     
A_s         =    2.124e-9     
 H0                   =    66.930000000000007     
 m_ncdm               =    5.9999999999999998E-002
 nc_bias_b0           =    1.0000000000000000     
 log10ceff2           =   -1.3200000000000000E-002
 w0_fld               =  -0.80000000000000004     
 f_pi                 =    5.0000000000000000     
 log10g_pi            =    0.0000000000000000     
tau_reio = 5.9600000000E-02
N_ur = 2.033
N_ncdm = 1.000
deg_ncdm = 1.000
Omega_k = 0.000
Omega_Lambda = 0.000
output = nCl
dNdz_selection = analytic_euclid
dNdz_evolution = analytic_euclid
 selection = tophat 
selection_mean = 0.19500000,0.38500000,0.57500000,0.76500000,0.95500000,1.14500000,1.33500000,1.52500000,1.71500000,1.90500000
selection_width = 0.09500000,0.09500000,0.09500000,0.09500000,0.09500000,0.09500000,0.09500000,0.09500000,0.09500000,0.09500000
selection_bias = 1.09316056,1.17686023,1.25499004,1.32853303,1.39821315,1.46458185,1.52807068,1.58902486,1.64772571,1.70440605
selection_magnification_bias = 0.15899200,0.19703467,0.23883034,0.28862198,0.35065256,0.42916507,0.52840248,0.65260777,0.80602391,0.99289389
non_diagonal =  9
headers = yes
bessel file = yes
l_max_lss = 2000
l_min = 2
format = class
gauge = newtonian
